| l \ r | 2 | 3 | 4 | 5 | 6 |
-----------------------------
|  7  | 0.42857 | 0.28571 | 0.28571 | 0.19048 | 0.09524 |
-----------------------------
|  8  | 0.46429 | 0.39286 | 0.17857 | 0.14286 | 0.14286 |
-----------------------------
|  9  | 0.50000 | 0.58333 | 0.16667 | 0.13889 | 0.13889 |
-----------------------------
|  10  | 0.44444 | 0.28889 | 0.35556 | 0.13333 | 0.15556 |
-----------------------------
|  11  | 0.49091 | 0.30909 | 0.20000 | 0.21818 | 0.14545 |
-----------------------------
|  12  | 0.45455 | 0.33333 | 0.24242 | 0.24242 | 0.28788 |
-----------------------------